000001,000044,000063,000124,000165,000196,000214,000279,000404,000545,000557,000567,000584,000594,000601,000603,000634

000706,000754,000763,000788,000843,000850,000877,000884,000935,000963,000966,000985,000986,000995,001004,001007,001056

001069,001111,001125,001143,001147,001150,001152,001154,001157,001165,001174,001184,001197,001222,001226,001249,001256

001271,001275,001276,001291,001294,001301,001322,001347,001373,001406,001421,001428,001443,001444,001449,001467,001470

001479,001489,001510,001523,001562,001569,001577,001602,001608,001636,001637,001654,001656,001691,001704,001711,001724

001735,001745,001746,001756,001758,001759,001760,001763,001780,001799,001806,001807,001817,001818,001829,001830,001832

001881,001886,001887,001888,001891,001892,001908,001928,001966,001997,002004,002010,002017,002028,002031,002049,002055

002059,002060,002062,002072,002084,002103,002106,002112,002123,002144,002145,002147,002149,002158,002161,002163,002186

002196,002213,002217,002228,002233,002249,002272,002281,002291,002307,002322,002323,002326,002328,002364,002390,002407

002415,002416,002418,002457,002458,002496,002545,002553,002564,002573,002577,002580,002605,002629,002631,002649,002658

002665,002667,002682,002683,002718,002729,002804,002872,002943,002952,002955,003029,003070,003153,003238,003242,003294

003344,003346,003374,003378,003412,003494,003562,003580,003593,003595,003642,003693,003735,003840,003843,003846,003849

003858,003865,003962,004011,004076,004092,004100,004119,004143,004148,004205,004221,004231,004233,004234,004235,004252

004263,004335,004394,004448,004497,004510,004522,004605,004609,004618,004671,004675,004676,004685,004725,004735,004740

004747,004748,004819,004858,004895,004933,004943,004948,004986,004987,005028,005076,005083,005110,005120,005126,005170

005188,005206,005216,005228,005236,005238,005245,005251,005261,005263,005276,005294,005295,005300,005328,005344,005353

005357,005374,005387,005401,005421,005438,005450,005473,005475,005478,005481,005490,005496,005518,005535,005538,005551

005553,005597,005600,005629,005632,005636,005638,005646,005651,005681,005683,005708,005711,005742,005764,005787,005815

005866,005875,005905,005907,005948,005959,005961,005970,005997,006010,006052,006058,006104,006138,006182,006217,006223

006234,006268,006271,006315,006336,006386,006396,006397,006402,006435,006531,006532,006539,006540,006590,006602,006608

006649,006696,006768,006775,006864,006868,006878,007048,007120,007138,007146,007152,007217,007234,007291,007307,007345

007357,007479,007497,007501,007509,007519,007528,007534,007581,007586,007632,007639,007663,007687,007732,007776,007808

007827,007863,007881,007895,007945,007950,008038,008066,008071,008076,008127,008137,008221,008252,008262,008304,008305

008312,008315,008337,008354,008382,008425,008445,008481,008589,008603,008604,008681,008819,008839,008867,008892,008950

008960,008967,009030,009043,009048,009063,009103,009107,009115,009127,009132,009170,009218,009241,009258,009270,009273

009274,009313,009319,009331,009341,009376,009392,009538,009590,009597,009641,009647,009652,009669,009709,009710,009715

009747,009775,009808,009825,009828,009841,009856,009862,009865,009897,009908,009954,009969,009991,010000,010009,010034

010050,010052,010073,010077,010089,010121,010125,010127,010133,010138,010142,010149,010156,010167,010172,010187,010204

010234,010235,010246,010265,010287,010293,010302,010304,010329,010339,010346,010362,010372,010380,010382,010411,010422

010428,010438,010448,010484,010489,010505,010549,010559,010563,010596,010598,010623,010647,010662,010664,010669,010679

010681,010691,010699,010704,010724,010752,010793,010802,010809,010821,010825,010827,010840,010853,010895,010903,010913

010915,010945,010962,010966,011031,011060,011068,011070,011108,011123,011135,011148,011163,011172,011182,011197,011221

011225,011228,011242,011247,011264,011272,011295,011305,011314,011324,011332,011334,011358,011370,011378,011402,011404

011411,011412,011426,011437,011451,011452,011454,011461,011462,011463,011472,011477,011500,011524,011530,011556,011579

011590,011618,011636,011638,011693,011741,011749,011757,011758,011825,011829,011838,011846,011848,011863,011885,011889

011892,011904,011907,011912,011948,011949,011978,012002,012004,012007,012058,012074,012123,012149,012177,012185,012187

012203,012224,012237,012241,012259,012264,012298,012347,012351,012355,012411,012438,012464,012467,012497,012520,012524

012556,012607,012608,012614,012615,012631,012659,012660,012689,012705,012710,012715,012749,012881,012891,012914,012923

012940,012972,012997,013025,013034,013079,013092,013096,013142,013151,013152,013153,013167,013224,013266,013312,013347

013410,013430,013462,013466,013489,013500,013501,013531,013553,013562,013619,013637,013638,013642,013655,013711,013722

013775,013787,013825,013843,013852,013884,013896,013918,013939,014011,014037,014041,014042,014043,014045,014047,014048

014050,014051,014063,014092,014106,014113,014136,014140,014143,014163,014171,014176,014181,014188,014225,014229,014236

014268,014282,014348,014349,014353,014381,014402,014409,014455,014461,014467,014471,014473,014497,014507,014514,014521

014549,014550,014551,014561,014571,014581,014590,014627,014635,014669,014692,014702,014724,014728,014755,014784,014789

014795,014806,014813,014845,014851,014929,014933,014947,014948,014949,014954,014958,014960,014962,014972,014988,014989

014996,014998,015007,015039,015057,015077,015078,015093,015095,015101,015111,015121,015122,015128,015153,015154,015170

015205,015206,015218,015224,015271,015290,015309,015322,015358,015365,015374,015382,015385,015386,015390,015394,015398

015409,015450,015458,015460,015462,015463,015491,015526,015554,015572,015576,015582,015587,015592,015613,015638,015658

015664,015688,015691,015715,015722,015753,015755,015756,015768,015772,015775,015779,015790,015807,015829,015843,015849

015881,015916,015964,015968,016040,016041,016048,016062,016069,016090,016099,016106,016135,016168,016175,016179,016182

016183,016214,016249,016254,016258,016262,016275,016283,016289,016290,016293,016313,016335,016341,016346,016387,016389

016399,016400,016467,016486,016488,016491,016493,016503,016516,016518,016520,016525,016550,016552,016556,016559,016562

016564,016579,016591,016593,016606,016617,016620,016624,016627,016702,016747,016773,016775,016841,016858,016874,016896

016913,016979,017039,017049,017098,017110,017115,017155,017167,017176,017194,017197,017217,017231,017288,017293,017366

017401,017417,017478,017494,017533,017550,017565,017626,017628,017649,017703,017716,017727,017752,017787,017843,017858

017859,017869,017874,017916,017946,017961,017965,017966,017969,017979,017982,017994,018007,018008,018009,018072,018089

018123,018125,018131,018176,018189,018191,018216,018221,018225,018246,018282,018289,018290,018291,018326,018373,018376

018402,018404,018431,018441,018443,018447,018448,018449,018461,018463,018470,018495,018501,018505,018517,018541,018556

018561,018574,018590,018619,018658,018690,018694,018707,018710,018715,018725,018753,018755,018777,018783,018789,018791

018824,018832,018836,018860,018861,018872,018902,018911,018940,018946,018963,018972,018974,018986,018991,019000,019004

019031,019055,019073,019077,019080,019114,019116,019120,019147,019154,019180,019184,019194,019195,019197,019198,019199

019200,019207,019208,019213,019215,019222,019223,019224,019235,019258,019272,019274,019278,019291,019296,019298,019310

019339,019348,019368,019395,019450,019506,019514,019519,019536,019562,019611,019613,019621,019629,019636,019689,019717

019721,019723,019748,019761,019766,019778,019819,019822,019863,019877,019889,019970,019971,019973,019983,019986,019988

020010,020013,020022,020026,020076,020106,020107,020118,020126,020132,020152,020155,020159,020163,020180,020194,020199,

020217,020225,020233,020258,020266,020268,020304,020306,020339,020362,020365,020383,020384,020410,020434,020436,020445,

020451,020475,020477,020486,020487,020492,020494,020561,020568,020588,020592,020601,020658,020696,020699,020726,020749,

020769,020773,020780,020800,020804,020817,020831,020843,020875,020885,020902,020923,020957,020964,020976,020986,021050,

021062,021146,021148,021168,021188,021195,021199,021205,021218,021265,021317,021334,021356,021370,021381,021391,021405,

021432,021448,021478,021490,021500,021503,021516,021523,021528,021571,021577,021586,021604,021632,021637,021649,021651,

021656,021666,021693,021700,021710,021712,021727,021731,021734,021813,021815,021827,021865,021885,021900,021911,021920,

021966,021968,021969,021976,021980,021984,021991,021996,022004,022030,022039,022049,022116,022120,022124,022158,022165,

022196,022225,022243,022252,022270,022293,022300,022345,022358,022365,022370,022489,022518,022520,022625,022645,022703,

022705,022708,022739,022749,022755,022784,022785,022831,022847,022853,022880,023021,023033,023083,023095,023096,023107,

023130,023170,023175,023177,023188,023193,023269,023289,023314,023345,023350,023366,023387,023405,023458,023525,023549,

023571,023585,023605,023648,023752,023754,023762,023781,023807,023835,023853,023855,023856,023872,024020,024028,024045,

024047,024108,024187,024203,024210,024211,024233,024240,024260,024268,024270,024320,024355,024378,024386,024389,024424,

024434,024442,024447,024451,024453,024454,024456,024502,024595,024597,024608,024667,024675,024679,024680,024682,024687,

024718,024736,024738,024755,024756,024803,024805,024809,024813,024901,024924,024929,024930,024931,024932,025012,025056,

025059,025076,025083,025091,025094,025103,025129,025191,025192,025209,025333,025351,025387,025391,025405,025412,025415,

025416,025442,025448,025460,025467,025468,025470,025476,025487,025500,025581,025599,025645,025657,025659,025689,025704,

025722,025736,025749,025750,025751,025776,025783,025784,025789,025825,025831,025840,025843,025844,025846,025861,025874,

025925,025929,025953,025957,025965,025969,025971,026002,026004,026006,026014,026073,026075,026077,026110,026137,026139,

026200,026201,026213,026258,026324,026358,026379,026420,026421,026434,040007,050009,050012,050020,070011,070017,070022,

070027,100026,110002,110005,110010,110012,112002,121008,160125,160211,160528,160627,160812,160813,161706,161728,161903,

162201,162207,163302,163402,163503,163818,163823,166108,166110,166301,167703,168111,180013,180020,180028,202001,202002,

202019,206007,206013,210001,210004,210008,210011,213003,213008,217020,229002,233007,233011,240009,241001,257070,260101,

270006,270007,290002,320006,350007,393001,398001,398021,398041,400007,400025,450007,460002,470008,501001,501026,501078,

501080,501083,501085,519001,519022,519025,519068,519089,519097,519150,519157,519158,519191,519193,519228,519657,519668,

519710,519727,519736,519759,519760,519761,519769,519771,519993,560002,570005,570008,571002,620002,630002,630008,630015,

660001,660004,660010,673030,673043,690004,690011,700003,710002,870017,871003,881007,920921,960003,960009,960016,960020,

960023,960024,960028,960032,960035,960036,970094,970095,970101,970102,970113,970114

============================================= 下面是筛选过的



